55612
55343
4026
84916
27286
4023
131118
7840
344
345
55764
3998
55768
348
51062
165918
6154
55906
6342
4935
57728
6794
6795
6792
2318
2316
2317
2312
51604
291
23365
56052
270
55835
274
275
4653
26154
80208
80207
100506658
85320
51114
81622
2263
2260
200894
51119
389207
81624
6191
81857
9524
9526
9255
124590
3690
22909
103
100
5824
168391
4810
84126
2040
113179
79813
3198
2048
57502
9414
57057
646960
10142
54888
54880
2736
9639
2737
10382
10381
2639
9321
3159
285203
8945
7038
84693
3239
7263
3514
6204
10167
2688
6201
84059
6208
2683
346171
407975
5119
285848
10560
10161
9742
10564
90
93
2632
95
94
1991
1622
1621
5184
64327
1629
5189
256297
3209
8838
285440
8831
8833
29968
554
551
64241
5409
79001
5459
7078
1193
3798
5456
54084
1758
1756
29760
8163
79628
1175
1174
23509
79621
23503
4254
4256
8085
5538
89765
1285
1284
1287
1286
1281
1280
1282
1289
91662
7189
79719
686
4261
283652
51475
8547
8546
8013
8540
8542
7456
199713
7454
6576
7450
2036
5627
5626
5625
5624
2743
5621
1371
8492
1373
2034
1374
401
1376
28962
65080
3835
23474
3832
162514
23479
55624
5995
5994
28982
5993
4036
4038
5663
50674
6657
5660
55755
2038
55750
259232
51293
57724
65266
6531
396
6144
2334
2308
4729
4728
6786
2301
4724
2303
4726
4720
4723
4722
11281
64840
11285
11284
339983
3748
3741
4620
4621
55800
117531
4625
4626
4627
4629
249
2274
2271
2273
80746
11152
56246
63901
406960
9241
9533
9244
9247
79827
219844
121391
56916
178
641339
176
175
174
2053
2052
2055
30061
4534
4535
4536
341640
9401
92667
154288
9409
404672
7353
3778
10157
9333
10159
2157
57082
9622
7043
138050
25861
54968
10717
2697
84062
254065
90678
2693
2692
6218
54982
6813
6812
10577
9759
5199
1969
24140
10084
5194
1615
5191
5190
5193
10083
118813
8842
3675
2876
8915
3350
54345
54344
5449
149461
7068
5443
7066
5447
5444
1763
1760
1761
1767
115650
83605
1140
1141
1146
1147
1144
1145
8625
8626
8573
8622
123606
5506
1544
1545
1543
1540
695
1548
83737
540
546
547
545
549
29978
23607
23600
767
3651
8028
8029
8022
8021
81620
7443
2261
6569
11023
3048
343641
6567
6566
23431
415
410
411
412
27032
129880
1385
1387
1380
3889
8443
4282
93233
4281
4286
4287
3587
91851
368
369
55036
367
51592
51594
57477
55149
65217
1776
145173
4758
4750
10984
6777
6770
115908
200942
5873
55636
55630
27019
9968
3759
3758
1075
3753
60482
3757
4633
2192
4634
4638
257
55812
2200
2201
2202
64581
57674
81607
3257
57679
80776
203228
51135
6683
6687
9509
6785
7849
120892
7846
7841
54795
6356
4838
3689
84100
4830
4524
23347
3684
2796
7991
6197
2519
6192
9439
26040
2516
2517
26047
95681
9342
9343
2731
2733
5296
10166
10165
5295
5290
57096
9187
57094
10369
9180
64321
5054
5053
1811
1813
6622
7201
7200
54977
6223
4337
6229
57505
387700
493753
2165
4330
7337
3229
157657
1605
4001
83452
801
2162
3588
7168
805
5476
80821
10216
10210
285489
3329
5479
5274
83636
5277
347733
7050
161582
7056
1778
7054
3972
54756
54757
8148
3977
8635
7291
10319
5519
137682
59
3039
2998
29123
58
1557
1559
54
2992
51
50
53
2997
2990
8701
83700
83706
3035
538
8036
8031
8030
23676
3030
7341
11107
5605
5604
3032
9990
9992
8526
9997
28234
6519
169522
170691
6513
6514
55131
429
3621
79738
7584
79600
421
3293
1392
427
283417
3814
3815
23495
3818
65062
2539
8456
144165
8452
8450
23259
92335
51057
4299
4298
147138
4297
4291
27010
4292
23385
23384
23389
50506
7544
55005
7547
3516
6165
10999
4747
55640
55315
5860
23530
57798
60495
55869
2182
2187
229
4609
286262
226
4604
224
4602
340533
2218
6905
27235
51128
27232
51124
6690
6697
78989
201973
158
6340
4519
4512
340719
80169
4514
26058
9420
200576
81704
9427
317719
26873
2720
113189
57338
2729
60675
9197
5048
10370
10371
1807
1806
1804
3786
3784
1800
8996
81494
9517
9516
4990
63894
6231
55135
4998
387733
345611
84623
84627
246213
10518
83938
285362
8864
10568
9289
7305
3251
1947
8869
255738
54507
7051
1490
1491
7046
7040
343035
1497
79944
5468
3339
7048
5266
10194
10195
5261
5269
2294
440193
84665
3659
375790
1120
1121
8600
1123
147409
8604
11136
25886
79722
3028
79728
2984
525
1019
8738
83715
127534
282808
1013
8517
8048
4193
8518
8287
8284
4358
4359
4351
4352
4353
55129
25974
123263
11005
4117
25978
6507
23064
435
23189
3800
65055
8462
93589
2707
8192
92344
8195
197322
6439
23396
23395
7552
50514
7555
50511
3082
9103
55788
4771
220136
4175
389421
4173
201163
5818
55650
55651
51339
27130
5817
51807
56652
348938
387281
7172
4618
238
6898
4613
4615
2461
5148
26191
10058
57654
5925
5921
51151
4882
253827
7399
4507
5354
283989
7827
339829
286676
5351
85476
2538
64127
7546
2710
2717
9368
9364
9365
8985
5078
7225
7072
7227
10342
5071
8989
5077
153201
1832
1836
1837
1834
1716
1839
3791
2155
4983
4982
378884
2153
931
930
2158
2159
80025
6247
83990
54209
54205
84634
10528
1954
1956
1950
9702
1959
3248
7319
8878
7317
203859
23636
134430
825
346007
84701
23400
169792
79784
7030
1482
23418
5498
7036
54332
7039
3300
2147
795
5251
1717
9381
9382
5255
1719
1718
2798
83893
2799
83544
10617
1131
1130
1137
1135
1134
6253
285590
11128
7780
79751
79753
79755
161497
2064
6768
7140
164656
29929
514
1001
8050
627
8504
84433
79574
79577
8291
8292
7148
343637
5664
5669
4340
129563
27086
7498
11019
7490
2
375611
3872
26525
23230
23236
221421
16
19
18
27031
27030
84061
27034
11160
3908
3909
1288
23345
4760
4763
84839
4166
389434
4160
64805
64802
4168
284252
51324
5800
9950
5805
203
204
207
124093
208
3060
3476
55687
51067
80704
166785
392255
2235
56262
3575
5932
5091
22854
11141
22852
2184
3490
6309
4574
4575
4607
3655
7248
2189
2188
2521
2746
2523
80144
2664
26276
26277
26275
50485
10555
26278
9378
5063
2705
113612
2706
5069
2700
2703
2702
9179
10682
10683
10686
64374
23590
79977
1829
1828
1825
1824
1822
9573
2146
81031
9570
920
5744
4976
925
5396
5395
113278
9719
3273
83959
7369
22995
84282
3479
22999
2936
132158
84733
128178
2934
54658
157680
7021
7020
10225
3315
388939
137814
785
9394
5580
1729
5245
1727
6575
5241
1723
5243
2512
83552
6578
7390
137492
7592
60
3000
5589
8493
1588
1589
7157
1583
1586
643418
1584
1585
1038
57545
1032
1030
501
631
1644
23133
30008
30009
6521
6523
7486
6524
6528
5654
8260
5651
2898
783
2892
1103
1453
3868
91942
4088
83394
3861
3860
91949
11322
256471
6597
3735
23224
5728
51008
5723
51004
5727
50846
3730
286077
57492
3914
3913
3912
3910
55212
4921
55214
55215
8314
282551
326625
4692
8312
8313
2132
261734
4792
5836
5837
8086
220074
5832
4157
5830
5831
4158
11253
112476
11277
55670
51314
216
55851
116369
55505
212
210
64788
79983
788
6647
6640
158326
5903
51778
57531
121340
7809
3480
57697
57120
3643
81848
3640
6399
117144
2556
6392
6390
6391
2395
26249
2778
2779
5015
24148
4893
5019
4891
2773
2774
2776
9499
94137
9496
1859
6262
6261
919
2177
4968
4967
162417
917
916
9723
2645
84295
3265
7084
64218
847
846
845
843
841
8898
7373
7372
8893
8892
8891
8890
53335
54820
112802
7153
125336
152137
7018
7015
7012
7010
55240
1738
54790
5230
1730
1733
1737
1736
732
84342
84343
123872
84466
284086
29893
79083
79087
6886
1594
3073
1591
3075
1593
3077
2956
6888
5345
5346
7169
5340
125972
7162
79776
3785
1029
1028
83987
80270
284403
158866
79796
4361
602
128866
1201
1200
1203
5649
5648
23522
59344
59345
6041
92579
8273
5644
30813
6334
11078
7314
3105
8671
29071
8676
1441
6330
29078
4091
23746
50945
50940
50943
23218
8419
488
487
486
11315
26503
26504
11311
6468
6469
91574
51010
6338
6789
25836
25839
79228
7480
374654
3920
3921
255928
284654
2304
23363
8301
4784
51305
5825
4148
8091
5826
5828
4143
6955
3857
9939
3852
3853
3850
3851
9935
3859
55532
56623
6092
6094
340665
7957
494513
6658
51168
3990
6654
259236
92002
55997
51761
10804
5914
10806
10801
5913
7468
6910
81839
2896
63982
120227
140803
191
190
3679
60506
3673
4552
3674
29914
2542
10516
2548
26090
26258
64175
64170
124454
5002
5000
64421
9150
64423
9152
80184
5009
2760
2767
6324
7306
9487
1848
79955
4952
4624
2161
2160
167691
55806
2617
9733
122042
242
54499
64221
64220
3299
1908
1909
3295
1945
3290
3291
10020
10021
222662
857
3459
859
84197
4089
653361
283953
57379
112817
84572
147372
10243
7003
7007
5226
5224
90167
23229
148738
157570
132884
29887
79092
3988
6891
6890
11181
7170
7173
3064
6899
768206
644096
3930
142680
1050
1053
5352
1056
5350
91147
1690
89910
388551
29851
388552
1278
4312
4313
4318
613
1272
611
617
1277
8799
123016
54101
11041
8242
8243
8792
8241
8795
7045
3119
3110
340990
1471
1476
1475
23020
8647
2373
8643
79188
8425
1300
1301
1302
50484
114548
7042
1308
5740
5741
23592
3590
498
5745
1499
4221
492
24
25
9839
5582
21
22
6473
2593
6476
51574
23111
25821
23118
3939
3938
126410
3931
5265
2592
5264
51684
6718
7471
6716
6712
729238
6710
51371
9907
7473
4137
5696
65018
3849
3848
145282
55526
124997
5307
51199
4041
7543
6662
6663
51196
51750
5961
5962
51206
5967
3664
3663
3662
55217
4548
64699
4541
4540
3918
4547
166336
6731
57582
2571
26229
56616
27315
3691
10908
26227
57217
3593
79947
2591
9126
6591
10655
9129
5034
283120
10653
4436
7915
6595
977
182
975
974
973
4942
80067
1080
4948
57104
183
57107
186
185
2110
189
2115
2623
2626
2627
2624
2625
113246
2628
2629
390594
10019
4018
7355
10013
1910
3284
5106
5105
54805
54806
6049
861
860
865
54809
867
866
2027
2752
2022
10491
4010
146183
889
5216
5213
83696
9051
4014
10479
9056
51091
724066
55775
5244
22897
8929
3973
775
776
771
351
773
112752
779
778
84662
7102
2979
6868
71
70
3054
3052
3053
3050
57817
91179
1048
5108
219736
79158
1687
79152
9927
4303
4300
4306
669
668
667
1261
4308
1911
215
8787
3122
3123
161742
8659
55858
1462
8431
1316
1312
1311
23767
8438
79443
284119
6444
6445
9821
9820
6440
6441
27077
4233
6448
23562
5592
89781
89780
27184
25814
23169
50814
3949
55084
54808
55737
6709
11200
126792
8323
8322
51360
4128
51364
4126
4125
7436
7431
7439
23414
23417
81693
2695
4056
2694
4053
51185
51181
50615
5979
51218
5973
131669
2690
51741
2299
3614
2290
60529
56997
25782
440435
116442
114625
2562
90411
2566
3845
56603
8288
56606
27329
8289
7290
9132
9131
2584
2583
2582
2581
7297
7299
10312
7704
2588
1861
57560
3728
3207
966
53904
4683
6299
6295
4688
4689
55120
2109
2108
26123
85358
26121
2103
10667
26128
5116
10000
10002
5573
54476
10008
113235
147912
5256
9227
64240
23568
56975
79840
1536
3431
875
871
2741
4593
2035
4591
2033
388962
4594
4595
9
4598
10483
10484
84173
1244
10262
10265
10269
204219
10466
9049
5205
5207
10461
3236
54583
3547
440138
3543
3549
282996
5195
8910
1617
54904
23261
54903
1789
1967
762
760
1785
1786
3049
7112
10082
3040
3043
5192
3045
6872
3047
3046
79147
5376
1073
5373
1071
1678
55717
1674
1675
4338
675
672
673
84987
171023
1419
1410
1411
1413
1414
1415
1417
1326
6906
4208
6452
6455
8139
6901
6900
4204
6908
374462
23171
23175
89884
1528
168667
1258
1259
51021
3953
3952
3955
148022
23314
130557
653509
2978
51422
126326
7421
126328
7852
7428
10049
117581
93183
220296
23405
6606
200879
6609
6866
27241
4066
27247
27249
4068
4069
5949
5784
10329
5781
2771
65109
51733
5788
80199
405753
63976
1041
124583
5157
25794
25793
3854
7067
7287
9459
7284
6736
57017
139285
9451
57010
3736
1896
1890
3732
1893
959
958
4693
4920
4695
4694
2130
2131
950
2138
93986
81846
57167
57165
26119
6023
85366
85365
5160
5162
10075
5167
2643
54463
22947
2332
22943
221927
9210
9211
22948
9217
57572
9215
54862
3425
56945
3423
3420
3426
23594
2002
6335
6337
2006
6331
84168
3033
4854
4853
4851
4582
9076
10295
143187
10456
10102
3557
3559
80331
57514
10585
10587
54919
8905
2176
2911
1798
11186
6530
2916
718
717
716
715
714
713
712
710
915
7124
2178
407053
5308
5309
79133
2070
2077
10847
1066
84233
1666
1663
590
593
84947
595
594
596
6598
136647
4322
3141
3145
6755
2821
493856
3383
9940
196527
1409
79048
1406
79042
4214
4210
443
440
445
9842
9841
100151683
6935
5771
23090
6938
23092
23095
23545
23096
39
38
7700
5578
145873
31
37
36
35
34
641
640
1535
644
3094
649
3098
91624
84892
338
84876
335
337
331
55714
11222
352909
5122
7414
7415
3892
55157
3891
112744
3897
116519
56172
6611
374291
340024
23435
84720
23438
344018
5950
5957
5956
5959
3460
4070
4072
54949
5795
22861
60386
3636
3630
55975
7374
23209
57716
6103
6102
6101
6100
55572
23765
57539
9531
153562
9445
57534
9440
3708
1889
3702
50964
80254
2120
4668
4669
948
4914
4915
85378
6916
57158
64087
6442
80781
57152
6443
5173
5172
10060
5176
54453
2652
2651
6913
2657
2348
22931
132
7389
22934
149775
7380
116085
121512
3418
79867
79868
283310
6326
4868
4869
6323
2018
9681
4860
4867
4864
10939
9060
133396
10280
135935
9663
9662
10117
10111
3563
3560
3561
23322
7251
7252
7253
22845
7259
4487
4481
10594
80324
80326
10599
4488
345895
6855
2902
6853
54704
2908
701
7139
7138
88
81
87
60681
7136
5318
5313
5311
5310
5317
5314
8805
8802
8803
146227
1650
64324
585
582
583
6584
8754
8200
3155
25953
11081
3158
3211
1436
5406
114902
1438
1439
79058
79053
284058
23554
1349
23556
1340
727857
5236
6925
6927
6926
23086
8115
11155
11154
11151
79581
79583
5546
657
30062
1501
652
22954
650
6389
1509
3081
658
659
2121
100144748
8379
8575
5894
5896
5897
6870
11231
11232
11234
11235
11236
3887
81027
6708
256764
8074
25914
25915
91252
28956
92211
55145
7401
7403
3858
6928
375298
26353
23424
23426
145226
6620
51715
4000
84930
9895
9896
9897
326
51082
324
55703
65125
65250
217
200205
4129
3500
81790
29899
81794
55967
166379
78987
2335
57704
201294
4719
6135
51660
3074
10535
3717
3712
50617
57526
3718
345193
4909
85300
6005
80224
2488
4901
1297
4902
2483
4907
2653
2248
2244
2245
64093
64094
2242
2243
2719
990
10059
5149
5146
57449
5144
5145
999
1027
7535
10397
64072
87178
7249
729920
388389
10699
84146
84140
22930
54840
56922
4878
55033
2068
6310
6311
128674
6314
6315
57038
2065
2067
9094
9095
7167
9652
10128
9657
10436
124404
22858
148789
22856
5076
5092
54938
5095
5096
8988
9780
9782
10345
2660
2668
6821
54714
2937
54716
5327
5324
51103
5322
27429
2903
5328
146059
338917
1646
1641
1643
1642
1649
8815
383
8813
7681
8818
579
146057
11093
570
8742
3166
3162
1161
1421
1420
7092
1427
939
10841
731
730
79068
735
147495
10661
79641
8106
8100
79644
23529
6499
79648
1356
1355
462
197131
84153
4054
5551
9860
51524
6487
11146
91647
59341
10743
2010
6774
6329
6775
1513
91869
8565
5880
23639
6772
5885
6535
5889
5888
6555
6557
6559
55172
170302
7474
7476
55605
114798
6638
5972
23451
6635
26580
51251
154881
92749
51259
84925
7504
356
355
7507
353
7501
55777
7503
51099
7508
3981
359
6125
6121
4222
2322
4705
4704
4703
2324
2328
4709
9562
283
287
286
3762
8675
3766
3767
3769
2296
9563
266
265
269
268
6011
6010
6017
6016
4643
4640
2492
4646
4647
4644
4645
57609
63925
63924
2259
3242
63929
2255
2254
2253
5159
5158
57465
5155
987
984
5156
57192
57190
111
7879
79809
4803
2780
10046
79803
4094
64446
54928
26012
57511
2073
2072
2071
152816
9469
6303
2074
259266
10133
6892
2203
53630
9313
9640
3508
7273
22868
7276
7274
5083
5081
5080
5087
2175
3507
2671
2670
2673
2672
2677
6833
54768
84667
6834
118429
2925
84668
5333
5332
5336
5339
10558
10559
1630
1633
1634
347344
1636
1981
1639
388531
2904
8822
203286
8820
10913
2815
2811
29958
2812
8772
29954
2819
8777
567
728294
54361
3172
7080
5429
5428
1188
1186
1187
1184
5426
3373
1180
5422
727
84464
1749
720
1747
1741
729
6495
23533
6497
6496
6491
79659
6492
4247
222546
79650
79651
5521
6949
6948
7132
50939
11178
7134
1298
1299
7137
1292
1293
1290
1291
1296
1565
1294
477
8398
5250
8557
9380
8092
5257
55163
5631
472
8481
3195
471
25939
28976
478
50937
7466
3199
1369
